{
	"body" : "ellipsoid",
	"aspect_ratio" : 3.000000,
	"ez" : 1.913335,
	"er" : 0.637778,
	"mesh" : [-1.913335,-1.696506,-1.534285,-1.392707,-1.263052,-1.141371,-1.025447,-0.913869,-0.805665,-0.700122,-0.596691,-0.494933,-0.394484,-0.295032,-0.196299,-0.098035,0.000000,0.098035,0.196299,0.295032,0.394484,0.494933,0.596691,0.700122,0.805665,0.913869,1.025447,1.141371,1.263052,1.392707,1.534285,1.696506,1.913335],
	"mesh_area" : [0.392699,0.392699,0.392699,0.392699,0.392699,0.392699,0.392699,0.392699,0.392699,0.392699,0.392699,0.392699,0.392699,0.392699,0.392699,0.392699,0.392699,0.392699,0.392699,0.392699,0.392699,0.392699,0.392699,0.392699,0.392699,0.392699,0.392699,0.392699,0.392699,0.392699,0.392699,0.392699],
	"source" : "uniform",
	"Ru":2.104669,
	"sampler" : "transition probabilities",
	"N_particles" : 100000,
	"D0" : 0.004000,
	"SW_C" : 0.002000,
	"LAMBDA" : 0.001000,
	"SEED" : 888,
	"R0" : 2.104669
}